A = [1 5; 2 -3];
B = [3 -2; 1 2];

% 1
C = A + B

% 2
B ./ 2

% 3
A ./ B

% 4
A(1, 2)
