% 1
x = 20:30

% 2
x = 100:2:120

% 3
x = 9:-2:-9

% 4
x = 5:0.5:10

% 5
x = linspace(0, 1, 11)