a = [1 4 7 2 10 5];
b = [5 6 9 1 0 13];

% 1
a + b

% 2
a .* b

% 3
a(3) + b(6)

% 4
b ./ 2

% 5
b ./ a
