A = [5, 1, 0; -2, 4, 3; 0, 1, -7];
D = [5, 0, 0; 0, 4, 0; 0, 0, -7];